0.0 0.0 0.0 0.0 0.0
0.01 0.0 0.0 0.0 0.0
0.02 0.0003 0.0 0.0 0.0
0.03 0.0012 0.0 0.0 0.0
0.04 0.0017 0.0 0.0 0.0
0.05 0.0021 0.0 0.0 0.0
0.06 0.0035 0.0 0.0 0.0
0.07 0.0035 0.0 0.0 0.0
0.08 0.0073 0.0 0.0 0.0
0.09 0.0078 0.0 0.0 0.0
0.1 0.0104 0.0 0.0 0.0
0.11 0.0111 0.0 0.0 0.0
0.12 0.0155 0.0 0.0 0.0
0.13 0.0157 0.0001 0.0 0.0
0.14 0.02 0.0 0.0 0.0
0.15 0.0226 0.0 0.0 0.0
0.16 0.0241 0.0 0.0 0.0
0.17 0.0298 0.0 0.0 0.0
0.18 0.0332 0.0 0.0 0.0
0.19 0.0366 0.0 0.0 0.0
0.2 0.0404 0.0001 0.0 0.0
0.21 0.0404 0.0001 0.0 0.0
0.22 0.049 0.0001 0.0 0.0
0.23 0.0522 0.0001 0.0 0.0
0.24 0.0577 0.0 0.0 0.0
0.25 0.0583 0.0002 0.0 0.0
0.26 0.0619 0.0006 0.0 0.0
0.27 0.0704 0.0004 0.0 0.0
0.28 0.0725 0.0005 0.0 0.0
0.29 0.087 0.0012 0.0 0.0
0.3 0.0864 0.0007 0.0 0.0
0.31 0.0971 0.001 0.0 0.0
0.32 0.1029 0.0015 0.0 0.0
0.33 0.1105 0.0003 0.0 0.0
0.34 0.1206 0.0011 0.0 0.0
0.35000000000000003 0.1193 0.0016 0.0 0.0
0.36 0.1236 0.0027 0.0 0.0
0.37 0.1387 0.002 0.0 0.0
0.38 0.1395 0.0033 0.0 0.0
0.39 0.1553 0.0045 0.0002 0.0
0.4 0.1636 0.0053 0.0001 0.0
0.41000000000000003 0.1681 0.005 0.0 0.0
0.42 0.1772 0.005 0.0 0.0
0.43 0.1894 0.0067 0.0002 0.0
0.44 0.1953 0.0073 0.0003 0.0
0.45 0.2008 0.0073 0.0 0.0
0.46 0.2117 0.0101 0.0001 0.0
0.47000000000000003 0.2193 0.011 0.0003 0.0
0.48 0.2359 0.0116 0.0001 0.0
0.49 0.242 0.0148 0.0004 0.0
0.5 0.2597 0.0144 0.0001 0.0
0.51 0.2604 0.0198 0.0003 0.0
0.52 0.2711 0.0185 0.0003 0.0
0.53 0.2863 0.0227 0.0005 0.0
0.54 0.2922 0.0265 0.0003 0.0
0.55 0.2979 0.0264 0.0005 0.0
0.56 0.315 0.0335 0.0006 0.0
0.5700000000000001 0.3208 0.0335 0.0008 0.0
0.58 0.3344 0.0381 0.0011 0.0
0.59 0.3463 0.0422 0.0021 0.0
0.6 0.3674 0.0482 0.0031 0.0
0.61 0.3749 0.0502 0.003 0.0
0.62 0.3863 0.053 0.0037 0.0
0.63 0.3961 0.0647 0.0039 0.0
0.64 0.4045 0.0674 0.0048 0.0
0.65 0.4218 0.0765 0.0053 0.0
0.66 0.4391 0.081 0.0065 0.0
0.67 0.4509 0.0909 0.0091 0.0
0.68 0.4651 0.1004 0.0111 0.0
0.6900000000000001 0.4712 0.1038 0.0136 0.0
0.7000000000000001 0.4823 0.1135 0.0107 0.0
0.71 0.5059 0.1264 0.0164 0.0
0.72 0.5238 0.1462 0.0211 0.0
0.73 0.5338 0.1517 0.0213 0.0
0.74 0.5405 0.1594 0.0284 0.0
0.75 0.5615 0.1777 0.0314 0.0
0.76 0.5724 0.1982 0.0337 0.0
0.77 0.5924 0.2047 0.0456 0.0
0.78 0.6048 0.2318 0.0523 0.0
0.79 0.6305 0.242 0.0573 0.0
0.8 0.6391 0.2643 0.0706 0.0
0.81 0.6607 0.2844 0.0861 0.0
0.8200000000000001 0.6666 0.3093 0.0924 0.0002
0.8300000000000001 0.6896 0.3213 0.1086 0.0002
0.84 0.709 0.3519 0.1247 0.0002
0.85 0.7227 0.3756 0.141 0.0004
0.86 0.7381 0.4106 0.1667 0.0009
0.87 0.7549 0.4286 0.1879 0.0014
0.88 0.7761 0.4601 0.2158 0.0026
0.89 0.7827 0.4996 0.2554 0.0034
0.9 0.8104 0.5284 0.2858 0.0081
0.91 0.827 0.5702 0.3121 0.0102
0.92 0.8459 0.5953 0.3655 0.0187
0.93 0.8647 0.6464 0.4174 0.0305
0.9400000000000001 0.8842 0.6855 0.4808 0.0493
0.9500000000000001 0.9023 0.7402 0.539 0.0851
0.96 0.9259 0.7826 0.6114 0.1428
0.97 0.9403 0.8329 0.693 0.2269
0.98 0.9584 0.8798 0.7926 0.3762
0.99 0.9801 0.9414 0.8791 0.6225
1.0 1.0 1.0 1.0 1.0